3,2
3,1
3,3
10,295
10,129
10,267
10,181
10,223
10,137
10,275
10,1
10,141
10,2
10,3
11,8
11,6
11,18
11,25
11,27
11,17
11,21
11,1
11,19
11,2
11,3
9,5
9,1
9,7
9,2
9,3
8,15
8,7
8,10
8,13
8,14
8,1
8,5
8,2
8,3
12,2
12,1
12,3
20,2
20,1
20,3
19,2
19,1
19,3
18,1
18,3
14,1
14,3
13,1
13,3
51,5
51,4
51,3
51,2
51,1
51,0
2,2
2,1
2,3
50,5
50,4
50,3
50,2
50,1
50,0
49,4
49,3
49,2
49,1
49,0
48,4
48,3
48,2
48,1
48,0
47,3
47,2
47,1
47,0
0,386
0,0
52,34
52,33
52,32
52,31
52,30
52,29
52,28
52,27
52,26
52,25
52,24
52,23
